 25 08 2010 22 
 22 09 2010 24 
 29 09 2010 25 
 06 10 2010 26 
 13 10 2010 27 
 20 10 2010 28 
 27 10 2010 29 
 03 11 2010 30 
 10 11 2010 31 
 17 11 2010 32 
 24 11 2010 33 
 01 12 2010 34 
 19 01 2011 01 
 26 01 2011 02 
 03 02 2011 03 
 09 02 2011 04 
 16 02 2011 05 
 23 02 2011 06 
 02 03 2011 07 
 09 03 2011 08 
 17 03 2011 09 
 23 03 2011 10 
 30 03 2011 11 
 06 04 2011 12 
 13 04 2011 13 
 04 05 2011 14 
 11 05 2011 15 
 18 05 2011 16 
 25 05 2011 17 
 01 06 2011 18 
 17 08 2011 19 
 17 08 2011 19 
 24 08 2011 20 
 31 08 2011 21 
 07 09 2011 22 
 14 09 2011 23 
 21 09 2011 24 
 28 09 2011 25 
 05 10 2011 26 
 12 10 2011 27 
 19 10 2011 28 
 26 10 2011 29 
 02 11 2011 30 
 09 11 2011 31 
 16 11 2011 32 
 23 11 2011 33 
 30 11 2011 34 
 18 01 2012 01 
 25 01 2012 02 
 01 02 2012 03 
 08 02 2012 04 
 15 02 2012 05 
 22 02 2012 06 
 29 02 2012 07 
 07 03 2012 08 
 14 03 2012 09 
 21 03 2012 10 
 28 03 2012 11 
 18 04 2012 12 
 25 04 2012 13 
 02 05 2012 14 
 09 05 2012 15 
 16 05 2012 16 
 23 05 2012 17 
 30 05 2012 18 
 21 08 2012 19 
 05 09 2012 20 
 29 08 2012 21 
 05 09 2012 22 
 10 10 2012 23 
 10 10 2012 24 
 10 10 2012 25 
 03 10 2012 26 
 10 10 2012 27 
 17 10 2012 28 
 24 10 2012 29 
 31 10 2012 30 
 07 11 2012 31 
 14 11 2012 32 
 21 11 2012 33 
 28 11 2012 34 
 25 01 2013 01 
 23 01 2013 02 
 30 01 2013 03 
 06 02 2013 04 
 13 02 2013 05 
 20 02 2013 06 
 27 02 2013 07 
 23 06 2013 08 
 13 03 2013 09 
 20 03 2013 10 
 10 04 2013 11 
 17 04 2013 12 
 24 04 2013 13 
 02 05 2013 14 
 08 05 2013 15 
 15 05 2013 16 
 22 05 2013 17 
 29 05 2013 18 
 14 08 2013 19 
 21 08 2013 20 
 28 08 2013 21 
 04 09 2013 22 
 11 09 2013 23 
 18 09 2013 24 
 25 09 2013 25 
 02 10 2013 26 
 09 10 2013 27 
 16 10 2013 28 
 23 10 2013 29 
 30 10 2013 30 
 06 11 2013 31 
 13 11 2013 32 
 20 11 2013 33 
 27 11 2013 34 
 15 01 2014 01 
 22 01 2014 02 
 29 01 2014 03 
 05 02 2014 04 
 12 02 2014 05 
 19 02 2014 06 
 26 02 2014 07 
 05 03 2014 08 
 12 03 2014 09 
 19 03 2014 10 
 26 03 2014 11 
 02 04 2014 12 
 09 04 2014 13 
 30 04 2014 14 
 07 05 2014 15 
 14 05 2014 16 
 21 05 2014 17 
 28 05 2014 18 
